defmodule Testmatrix  do
  def identity() do
    [[1,0,0,0],[0,1,0,0],[0,0,1,0],[0,0,0,1]]
  end

   def tuple_list() do
    [1,2,3,1]
  end

 def tuple_result() do
    [18,24,33,1]
  end

  def tuple_matrix() do
    [[1,2,3,4],[2,4,4,2],[8,6,4,1],[0,0,0,1]]
  end

  def multiply_list1() do
    [[1,2,3,4],[5,6,7,8,],[9,8,7,6],[5,4,3,2]]
  end

  def multiply_list2() do
    [[-2,1,2,3],[3,2,1,-1],[4,3,6,5],[1,2,7,8]]
  end

  def multiply_result() do
    [[20,22,50,48],[44,54,114,108],[40,58,110,102],[16,26,46,42]]
  end

  def sublist3x3() do
    [[1,5,0],[-3,2,7],[0,6,-3]]
  end

  def sublist4x4() do
    [[-6,1,1,6],[-8,5,8,6],[-1,0,8,2],[-7,1,-1,1]]
  end

  def deflist4() do
    [[0,1,2,4],[1,2,4,8],[2,4,8,16],[4,8,16,32]]
  end

  def deftranspose() do
    [[0,9,3,0],[9,8,0,8],[1,8,5,3],[0,0,5,8]]
  end
  def minor1() do
    [[3,5,0],[2,-1,-7],[6,-1,5]]
  end
  def bigdeterm_3() do
    [[1,2,6],[-5,8,-4],[2,6,4]]
  end

  def bigdeterm_4() do
    [[-2,-8,3,5],[-3,1,7,3],[1,2,-9,6],[-6,7,7,-9]]
  end
  def bigdeterm_5() do
    [[-2,-8,3,5,6],[-3,1,7,3,4],[1,2,-9,6,7],[-6,7,7,-9,10],[-2,4,-6,9,4]]
  end
  def invertible() do
    [[6,4,4,4],[5,5,7,6],[4,-9,3,-7],[9,1,7,-6]]
  end
  def noninvertible() do
    [[-4,2,-2,-3],[9,6,2,6],[0,-5,1,-5],[0,0,0,0]]
  end
  def inverse() do
    [[-5,2,6,-8],[1,-5,1,8],[7,7,-6,-7],[1,-3,7,4]]
  end
  def inverse_result() do
  [[0.21805, 0.45113, 0.2406, -0.04511],
  [-0.80827, -1.45677, -0.44361, 0.52068],
  [-0.07895, -0.22368, -0.05263, 0.19737],
  [-0.52256, -0.81391, -0.30075, 0.30639]]
  end

  def inverse2() do
    [[8,-5,9,2],[7,5,6,1],[-6,0,9,6],[-3,0,-9,-4]]
  end
  def inverse3() do
    [[9,3,0,9],[-5,-2,-6,-3],[-4,9,6,4],[-7,6,6,2]]
  end

  def inverse_result2() do
  [
    [-0.15385, -0.15385, -0.28205, -0.53846],
    [-0.07692, 0.12308, 0.02564, 0.03077],
    [0.35897, 0.35897, 0.4359, 0.92308],
    [-0.69231, -0.69231, -0.76923, -1.92308]
  ]
  end
  def inverse_result3() do
    [
    [-0.04074, -0.07778, 0.14444, -0.22222],
    [-0.07778, 0.03333, 0.36667, -0.33333],
    [-0.02901, -0.1463, -0.10926, 0.12963],
    [0.17778, 0.06667, -0.26667, 0.33333]
    ]
  end

  def inverse_mul() do
    [[3,-9,7,3],[3,-8,2,-9],[-4,4,4,1],[-6,5,-1,1]]
  end
  def inverse_mul2() do
    [[8,2,2,2],[3,-1,7,0],[7,0,5,4],[6,-2,0,5]]
  end

end

